0.0000000000000000,0.0000000000000000
0.0000000000000000,0.0000000000000000
0.0000000000000000,0.0000000000000000
0.0000000000000000,0.0000000000000000
0.0271850861543569,-0.0271850861543569
-0.0750503346353798,0.0750503346353798
-0.1027871181048542,0.1542216847086456
0.1727495175173728,-0.2505007644441088
0.6241638328026958,-0.7049430114430568
0.6472330639700807,-0.5692109941392615
0.2645094924799466,0.3216762228442134
-0.0028438430914824,1.0474750727641073
0.1698767007969078,1.0418787664984421
0.6834212582826540,0.7186352858388346
1.0588191309100723,0.6613703002003739
0.8201186219317909,0.7219988152260690
0.1227984960098160,0.5077456718687593
-0.6994444459586231,0.0876244705034825
-1.3319365999987050,-0.0111771581832145
-1.3778407893357492,0.0307553433385711
-0.5538168519656717,-0.1039661602600093
0.3855881959896469,-0.4871489187589893
0.6809519948017598,-0.7411423179188328
0.0056365683986856,-0.8096324330116679
-0.7459869202688491,-0.6963912791351478
-0.9681236756266242,-0.6951971102136786
-0.7316207345574077,-0.7086887906737078
-0.5442344323292750,-0.6546323055250218
-0.6397234055120529,-0.7145908837997990
-0.9075581438528145,-0.6831698038890346
-0.8117856669934546,-0.6836703698628354
-0.4647183166269973,-0.7493662266877559
0.3239587608641124,-0.7769674765394152
0.8757081125499556,-0.6128124941419006
0.9981644186560101,-0.1674882112789072
1.0076908217257206,-0.0006658645136412
1.0661087230848416,-0.1210874565374319
0.9889865417142250,0.0212585181181900
0.6507513879157975,0.6264136016204014
0.0812967779291087,1.0022573479862549
-0.4887662484601529,0.5218670720727935
-0.7076982188536081,-0.4610887111117178
-0.5751053349439723,-1.0297725353552349
-0.1270985191324207,-1.0512995394261844
0.0428452614109714,-0.9749788425363949
-0.0993750196274636,-1.0099989793805515
0.1478057597302934,-0.9613150760157225
0.5708162193130396,-0.8293417553283417
0.6696510509580103,-0.6913670964209440
0.0117550112253732,-0.7019052504418477
-0.7071067811865485,-0.7071067811865474
-0.9089703308775883,-0.6434828197721758
-0.7397078375516727,-0.6792053352696528
-0.6391090843198972,-0.8869068794200739
-0.6633405446376934,-0.7909272648923632
-0.7826259282487381,-0.4027480181525493
-0.8269486827705572,0.3957556916449112
-0.5217994496741553,0.8841185511484506
-0.1445603110065308,1.0054117189634537
-0.0028504639293553,1.0026588846047839
-0.2795916607032166,0.9720871119739433
-0.7672377693451388,0.6346584543157761
-1.0492825859446726,-0.0604682466476724
-0.7329221457483928,-0.6866018861178420
0.0955885493506359,-0.8625659962377933
0.7032284852458640,-0.7456449875954402
0.3049542575686780,-0.6251035088804610
-0.4576915980943567,-0.6065101878145002
-0.8429584714878528,-0.9260182560157731
-0.3451084494532770,-1.1758792610283124
0.2190134209845842,-0.6821161146761278
0.5359573464883609,0.1594152446083295
0.7740154855384850,0.8142934457958531
1.0871134691662336,0.6136199459258653
0.9591583424076700,-0.0632176713206402
0.4459007536335468,-0.6560674466152935
0.0187866189428457,-0.9814636289462100
0.1352176820888204,-1.0475883075177375
0.5521470468915805,-0.7704792034849506
1.0754016017845305,-0.5210736234296459
1.1464133583041385,-0.1650793075911846
0.6415190896746065,0.2263865766025935
-0.2772059788885334,0.6369215666744634
-0.8731452541961438,0.6608143000886303
-0.9736526363173590,0.2822308433871651
-1.0294417864542449,-0.0455304025253435
-1.2070779432755321,-0.1227186182256105
-0.9706367619067509,0.0065232601838795
-0.1023581417750256,0.1224339866659139
0.8942011655642401,0.0286372940335502
1.3242986962785117,-0.2892048492631147
0.9213138405539698,-0.6473373504158577
0.1590840079842867,-0.7419523821531604
-0.6102253566167152,-0.6916504164293462
-0.6029932487623628,-0.7823386867996438
-0.1041527609087860,-1.0725489739088192
-0.0926423535795710,-0.8452225044492301
-0.5724985623689581,-0.2242352902751453
-1.0392398433707444,-0.0321267502733829
-0.7498172933316690,-0.5026140690548353
0.0000000000000028,-1.0000000000000004
0.6232036651536411,-0.7611535218644356
0.9639357200339936,-0.1062805350206786
1.0676544876566063,0.3508779172063046
0.8050949237505504,0.6567492662690914
0.5039861619700043,0.7967686690252438
0.1767533470351310,1.0098314622931583
-0.1611598180336373,0.9218396216650578
-0.5353431815949199,0.7325634264555915
-0.7517836288732185,0.7454921681921864
-0.6806779367009292,0.9394089985452753
-0.7281628127759322,0.6142528012766504
-0.9585677818806125,-0.2177855486517483
-0.7312716069698244,-0.7029940837688050
0.1579481108942557,-0.2088278015855538
0.7234191073221707,0.6147452934482496
0.1559388083308331,0.6380143289069111
-0.8515092072320857,0.0571657192418905
-0.7699231831130234,0.1965881267015869
0.2959039316805234,0.6364145896749075
0.7592487364988126,0.5390186941669382
0.2758341274504279,-0.3802136561990309
0.0176580938776679,-1.1195146256864379
0.5685496826722848,-1.0736314331734236
0.6575226734213764,-0.6768621039846418
-0.2919886254875976,-0.3189464493719243
-0.9893978855401205,-0.0280711240204954
-0.3375164181122501,0.3438406970560336
0.5866993617611291,0.6614232794125137
0.5290129548339986,0.7379953287549766
-0.3312303865486772,0.6531900578498547
-0.9829759684423215,0.8575647183064721
-0.9086917227438534,0.9048140552898242
-0.5851247984407181,0.4401590823478764
-0.3463877712672311,-0.3686738291620962
0.1343429211564707,-1.1219682106986408
0.6816496610879856,-1.1625148366490738
0.6845532498836319,-0.6791012023765388
-0.0588318636561598,-0.0087785739807786
-0.6776725531256117,0.6307695956901395
-0.4532502417477186,1.0827625091817192
-0.0027545678030157,1.1001671764743957
-0.3224137905560393,0.6279736525676792
-0.8918931560204214,0.1035560856490961
-0.8373433440971804,0.0569810776307926
0.0663676052752274,0.3860408593669679
0.9469346761536832,0.8461991405715936
1.1139258377791834,0.9746929966686058
0.5811530543874287,0.6084131774364388
-0.2820575564233218,-0.0384252341037147
-0.7071067811865474,-0.7071067811865496
-0.3427769390906238,-1.1626277202517141
0.0054349409687190,-1.0742401505549437
-0.3884868125436977,-0.4730986897705111
-0.9937865315600134,-0.0704472468578622
-0.6154408774993682,-0.0688923782154424
0.4722866417082934,-0.5194099652324030
0.5789150805418868,-0.7865579001875215
-0.3652483350793347,-0.7385290415751703
-0.6371161217317670,-0.7238711358053154
0.1673103015967520,-0.8065059774368314
0.6974554548838482,-0.6580611334731404
0.0865056087829401,-0.0815866336017645
-0.6866068668793265,0.6757616494623661
-0.5427431086150093,1.1666901983313296
-0.0706093479190907,1.1204349630861967
-0.0547505866714327,0.3390855888114860
-0.4622538726426372,-0.4868324154604331
-1.0241960889241903,-0.8060424093553639
-1.1774055447995944,-0.3329267085132502
-0.7403047088595235,0.2177390100131877
0.1302684881772817,0.5256207712976583
0.8533979303476252,0.7731781558986651
0.9443225582144449,1.0203624024775453
0.6780012641927956,0.6341359888106506
0.4304754579512130,-0.4552741190453390
0.0438265424416753,-1.0032554155574291
-0.5157174162628786,-0.2735729306170672
-0.7403468666125366,0.5948208608839452
-0.3601948379557907,0.5361238282194554
0.3907310906964868,-0.3250647963950468
0.9868662301059893,-1.0093422345238314
1.0484160027743463,-0.9034366014544495
0.3673597582564717,-0.5886892881172275
-0.6565850342703878,-0.3957531851536691
-0.9750963745506432,0.1641929403692871
-0.4793982513790225,0.9430768504613706
0.0033659721684903,0.9693890636808973
-0.2534927963043074,0.0662059281083421
-0.6813110867160019,-0.6777451589145545
-0.5386799058317504,-0.2549549975407410
-0.0324719064907395,0.7754821561976804
-0.1938339707512776,1.1610534201211247
-0.6918232597540549,0.9324642544254833
-0.4570436706708957,0.5247853004443757
0.3011181292415562,0.5068962098939267
0.7782186924622407,0.8479556457631330
0.5448674404960072,1.2126219570401664
-0.1137667218479204,0.8739080020433374
-0.6074785416327598,-0.2033456825125450
-0.7071067811865471,-0.7071067811865459
-0.4206428624827516,0.0449221040870860
-0.0503898553815002,0.9355934509046803
0.1165853991600302,0.6509885858361965
0.0449610165890008,-0.6620673473626813
-0.0704916638126772,-1.2805297613083437
0.0056853786710440,-1.1813862440364737
-0.0267107121146962,-0.8941833371242125
-0.0514349575584448,-0.9448261061789985
0.0569929848180445,-0.9942788478266601
0.4079806425975572,-0.9594149504454870
0.7399099223190807,-0.6553917864478702
0.9455501897872360,-0.1435015511548920
0.9994870655205814,0.0047223623645728
0.9543892779167160,-0.3904891118427968
0.7696350384121076,-0.7701462601087049
0.4296601560714727,-0.0602629733026070
0.1194113565422107,0.8898777249931473
-0.1357161176409964,0.7063431861011357
-0.0917915988690912,-0.3975234177025762
0.1008274803553954,-1.2604121836817557
0.4553483911846595,-1.0690654033030351
0.7828072579424097,-0.5990062570602124
0.9355775303634614,-0.2198549147495289
1.0029300980867792,0.0232478674656003
0.8910265367143551,0.2884174512351360
0.7224748560110982,0.6703264262082771
0.5168604507141466,1.0451458728710170
0.1500715007850650,1.1069008999625460
-0.4740564756764691,0.4655232482344603
-0.7790352324389918,-0.4366336884429470
-0.3771999844413455,-0.8311527993794000
0.4790382660758115,-0.4016020003817775
1.2250244694761490,0.2398140293068511
1.1790727003117463,0.6405885845893716
0.5303936633685347,0.6880284455954261
-0.3889191973729232,0.3802759702782524
-1.0126913334904499,-0.0158576509272641
-1.1486408840120959,-0.4188019987276371
-0.7771124052350410,-0.6825315358989094
-0.2227140018771663,-0.8121677243740294
-0.0035128470682619,-0.9769891569872239
-0.1419514657128174,-1.0151155145631281
-0.5316142094340182,-0.8722670803965346
-0.8419901934693660,-0.4711037660481272
-1.0087671920639028,-0.0089324614570584
-0.9698287904805415,-0.1161522732639556
-0.8379442190139061,-0.6995659564078079
-0.6769212685365069,-0.6016097092285063
-0.4319533922620479,0.4113911910647768
0.0000000000000022,0.9999999999999988
0.6294869324005370,0.3000459798501672
0.7692756459741240,-0.6290479821669462
0.0656137530918182,-0.4708927417310220
-0.6355942458985731,0.4640738168467109
-0.4432378798397125,0.8258680283353886
0.5290941163218617,0.3493685608351082
1.2482584324800510,-0.2586447581879610
1.1347909099368010,-0.5736333545005700
0.4823162753262784,-0.7657519503990760
-0.2345104525067108,-0.8824109203998466
-0.7579839699523524,-0.6477224101579143
-1.0431737037758895,-0.1496438106324169
-1.0066369924177825,0.0055254323988386
-0.7783253946220579,-0.4532705175000988
-0.6865655835063761,-0.7525164079398360
-0.8746615074391844,-0.1626010724442557
-0.8933023669024220,0.5967460936615241
-0.1900232977529174,0.5089824716650068
0.6495684911892703,-0.3365086563413945
0.4552776441187942,-0.7898253385297228
-0.6693307250674784,-0.3875143292212231
-0.8971666332093186,0.0828995991422462
0.2016591445801841,0.1442319917216813
0.9996493783360504,-0.0091549694033570
0.4250772369588894,-0.0806578247062797
-0.8937942141470309,-0.0088143273606335
-1.5933880439006147,0.0686713203666985
-1.2305686803398255,0.0804128970271257
-0.2323767522742546,-0.3341439245242168
0.6136609623345587,-0.6902688139767126
0.5276733354269431,-0.5312560255623026
-0.2549217927293311,0.2288929421852424
-0.8640166860796263,0.9419965696910145
-0.6544074549512328,1.2219381821364270
0.2179723756875976,0.8828647878487921
0.9361198186056731,0.3203401458267584
0.9793236730978995,-0.0005030205724283
0.3538279306446009,0.1938333201113843
-0.5900012467977324,0.6512646526015232
-1.2177915473817822,0.9223359095197428
-0.9628933319526971,0.7808065003641007
0.0766184982211699,0.5005225972595320
0.8932992990606815,0.1655067919545294
0.8017327362502473,-0.1813788800443682
-0.1344561883941137,-0.5900104654476295
-0.8851170233650949,-0.7159855918620788
-0.9607231828335116,-0.6752421142349329
-0.6556914763044524,-0.7347770032526380
-0.5157770995719742,-0.8992748077525771
-0.7071067811865491,-0.7071067811865451
-0.9161458580480091,-0.0437682673750331
-0.7814007789798309,0.6307313576378341
-0.1322842614770169,0.7573392473145117
0.7699796099495651,0.1876971409896321
1.2162756125229279,-0.2759010578255214
0.9959003280206109,-0.5212159360951871
0.4147562741852474,-0.9159943293639231
0.0275176443334969,-1.1040536402226688
0.0655414969716452,-0.8540651533628667
0.4329957965602869,-0.0278585713180585
0.7206087837403317,0.7872699649022166
0.6179938763513571,1.2274843265596673
0.0316967534761872,1.0193897001161802
-0.7142917801743909,0.4147028968745004
-0.9927459823948367,0.0118703718584337
-0.7966965372483449,0.2361242346364798
-0.2429541384857047,0.8481962440368125
0.3253305947153442,1.0486819693822713
0.6061003908431998,0.8012146018346262
0.7617746965257032,0.7131735053597779
0.8021452155598798,0.9383836456779204
0.6441013522123307,0.5010413296657850
0.2119899451105176,-0.5900634894140422
0.0005324151060440,-0.9629435760989178
0.0614001820098003,-0.0480249341239545
0.0191794274961755,0.9507914874915293
-0.4280768564869483,0.8032976911672982
-0.9247224891831979,0.1203253426668153
-1.0230883343230608,0.0002423944883053
-0.7644799821865352,0.4265248551685591
-0.7294068539333771,0.9855427887248648
-0.8987342556841101,0.9392359920408560
-0.4241478246135884,0.4925940400485813
0.4173412687279576,-0.1565630699408600
0.6618107061147551,-0.8447950788277798
0.0294986317229420,-1.1190134554776496
-0.7236174135332524,-0.6682611184804215
-0.7065898665381794,0.3224381466542391
-0.0905822207565524,0.9731679381017410
0.5187107717446532,0.7022770923581458
0.9716854189447107,0.0636224864329450
0.9378942589411414,0.1760430882259926
0.7812249050184030,0.5910571204222431
0.6675499438605582,0.6175047518979553
0.7718316663415237,-0.1798409964736400
0.6095050492204884,-0.9028457621796492
0.2256978690520264,-1.0606199118399648
-0.0095009696874909,-0.9907875957683328
0.1658862917556100,-0.9054401142264466
0.7071067811865499,-0.7071067811865464
1.1698444193033846,-0.3204918090426027
1.0841599068171159,-0.0229642048366583
0.3100932545865776,-0.0297121522789662
-0.7139363997418370,-0.0622331052527575
-1.2959578268857386,0.2531976957875346
-1.1260428425660973,0.6833791725952514
-0.2079079229284012,0.5637935674976071
0.6654357558090454,0.1656303593590248
1.0205360546760942,0.0271015633456486
0.5714850695507228,0.5346862754262084
-0.0704376278428220,1.0365662200059476
-0.5292058323261080,1.0446145637465840
-0.7023711518720410,0.7222715700915541
-0.7896785631634856,0.4167671546893249
-0.9772204037409628,0.0635620882887325
-1.0239184142748765,-0.2431324169408917
-0.8090461547546742,-0.6187879171199157
-0.5257171309393707,-0.7863837688157980
-0.1912321845528475,-0.8868604593625334
0.1275352851410260,-1.1182712551516376
0.1664788068561913,-1.3208652395214275
-0.0977920858974611,-0.7673969828923668
-0.4778286096595830,0.2191514941559301
-0.7107527574630661,0.6945390136732380
-0.5286641745551484,0.1058891479010931
-0.0463164984350370,-0.9212334928161676
0.4380838656221866,-1.3753509218324966
0.7463078261279352,-0.9561447639971219
0.4145470500074848,0.1193449072866514
0.0486668085584065,0.9193710462244898
0.1119152156329617,0.7856157656936750
0.5070833106852615,-0.1264939165695697
0.7398474440398851,-0.9731303102588329
0.4651235932336831,-1.0708285769389587
-0.1383265878959141,-0.9899704673613701
-0.5607949893961334,-1.0556622226575285
-0.7053561153179039,-0.6711651674256197
-0.5347382439296256,0.3113106317399939
-0.0735683263319360,0.9775921885566840
0.4845461571522769,0.5635136919824220
0.7381295500375810,-0.4505802936686868
0.4575809687074707,-1.0215961717643300
0.0962729406169507,-1.0708354068257886
0.0328525886304340,-0.9407223635352653
0.4253521516903902,-0.8141968516203734
0.8166857223232749,-0.6177052011339489
0.9614810095629274,-0.1606223133652145
1.0110834916796116,-0.0090316558331573
1.1564235361376989,-0.1573853539622022
0.9999999999999982,0.0000000000000023
0.4643846831915967,0.6925764480360271
0.0287964830700696,1.0392092361455578
0.1396650767791020,0.3372697040918729
0.5829689861246574,-0.5382664161547242
0.8044063779719213,-0.6154429414795160
0.7369151832744150,0.2173190251177818
0.7216808072240571,1.0220421612527921
0.8029954748807749,1.1297313687249291
0.6004898402008210,0.4290949065514688
0.0509258846331833,-0.5836111044713520
0.0582751271397221,-0.9908073909664824
0.6364797946298136,-0.5122332345999148
0.9990326130898134,-0.0106658197756888
0.4390109497045001,-0.2270463672056927
-0.5096765196770248,-0.6984117982420141
-1.1420804725216764,-0.3607372147978623
-0.9935550112925103,0.4514698098753326
-0.1060420785545058,0.8546178640720814
0.7616122926920215,0.3669206828321941
0.9873570359244652,-0.2502368860446026
0.4908516746842316,-0.6976038509429248
-0.1360470788523302,-1.1093102807534247
-0.2448012723927546,-1.3027388636351336
0.0329111127977393,-0.9343108923373715
0.3515546223929015,-0.0757782867053379
0.6782179055240680,0.6649942647299879
0.9748678282580179,0.7151267344334595
1.0871781126047564,0.2190358994890107
0.5664251588135033,-0.6177220635354758
0.0669947533914924,-1.0395328985677619
0.1260435347969797,-0.7090014750418858
0.4971750428444123,0.2193210734236343
0.7408548268735954,0.9062991259299651
0.5022329316317082,1.1491552149649926
-0.1579727405192724,0.9349210945773159
