(0.0000000000000000,0.0000000000000000)
(0.0000000000000000,0.0000000000000000)
(0.0000000000000000,0.0000000000000000)
(0.0000000000000000,0.0000000000000000)
(-0.0271850861543569,0.0847889166875055)
(0.0750503346353798,0.0900052007027434)
(0.1391568489377862,-0.1430811175310252)
(-0.2277279514649775,-0.5017505965620424)
(-0.6575652283365788,-0.8456919703330023)
(-0.6119302553710313,-0.9789615382126519)
(0.1046294739165474,-0.5907706427938158)
(0.7584124946696126,0.0959545458243847)
(0.8278802173638393,0.7205019970237058)
(0.7089585933390751,0.8367339574209350)
(0.8146783018032326,0.7190684704129156)
(0.7662265050343300,0.6172530579537467)
(0.2761632710553474,0.6701661572638635)
(-0.4982143366428258,0.8720338329075679)
(-0.8454979813095813,0.8913021989208499)
(-0.8010409228857853,0.2928416903058737)
(-0.6670946040628589,-0.5462684649167523)
(-0.6824381645597950,-0.6641450447755183)
(-0.7038899592293693,-0.0249628453319252)
(-0.7437264004322246,0.7911900192359693)
(-0.7015748056982619,0.9221185640819283)
(-0.7257508259118187,0.7071067811865475)
(-0.7113430741465943,0.6239376737173221)
(-0.6358613217823486,0.6940897955607102)
(-0.7064365555590100,0.9170498650985517)
(-0.7061761140115791,0.8652293272051830)
(-0.6427153537022146,0.2235007340251174)
(-0.8368011754537578,-0.5461648969084205)
(-0.8477576718604982,-0.6216864621180258)
(-0.5193178952471796,0.0939642802389565)
(0.2518754149731646,0.9158761981712604)
(0.7730217785683220,1.1409285309812873)
(0.7971907431627537,0.5980543509647837)
(0.7087463769782717,-0.2813246656026503)
(0.8081986851215868,-0.7116090817232091)
(0.7466557796156106,-0.0424617922640436)
(0.1869557382935075,0.6705234796185549)
(-0.5455626050807153,0.5296084491392096)
(-0.8760162803754665,-0.3470010379681843)
(-0.7860048740059324,-0.9564129928351181)
(-0.6617780168370703,-0.8666964837923940)
(-0.6871323754100932,-0.7148177247867182)
(-0.7007443048988611,-0.8209901124367317)
(-0.7429389910374279,-0.5855406969197290)
(-0.6960428302099768,0.1374689733413908)
(-0.7267357651943125,0.7324962628146241)
(-0.7071067811865474,0.7941522627910032)
(-0.6307019648389439,0.7059262712674365)
(-0.6770064548439482,0.8620098833478671)
(-0.8945206544586590,0.8306850419310369)
(-0.8064204096762907,0.2826332022181981)
(-0.3631932934475907,-0.4616575205511090)
(0.4340419500390384,-0.8660666837592561)
(0.8202267070959523,-0.8082160239497146)
(0.7636458303108816,-0.7586466372439822)
(0.7205179919319923,-0.9184483625682463)
(0.8304515014893991,-0.5602974537808789)
(0.6477885150400883,0.3176538020178812)
(-0.0143203804703664,0.6941183356475176)
(-0.6846159163907988,0.0398388378316309)
(-0.8797668825899437,-0.6681414445694596)
(-0.7412223929607381,-0.1940721758773031)
(-0.6575831062771034,0.6378630401787317)
(-0.6400608844895496,0.3823119112020091)
(-0.8298415680538758,-0.5165246099536281)
(-0.8745528235567794,-0.6726637380648548)
(-0.4676815555777982,0.1043593260669764)
(0.1776818209532524,0.9291143016846868)
(0.8625946914497807,1.0647720356600907)
(1.0292369087351356,0.6020130159360542)
(0.6527345157934532,-0.0592049077618189)
(0.0195503933099981,-0.7071067811865486)
(-0.6535833812366694,-1.0912754610793820)
(-1.0620180524143183,-0.8258956940961958)
(-0.8274307821569815,0.0675893890856900)
(-0.2459691119916430,0.7140764718640545)
(0.4498048865716798,0.3064790142754535)
(0.9310346280191549,-0.5597846308393609)
(0.9403492897689751,-0.6332981577787851)
(0.4775323097628760,0.1314934429100941)
(-0.2160763971911918,0.8665119840701232)
(-0.8073767819952435,0.9385723945661598)
(-1.0779041711129285,0.7053360163078807)
(-0.6729858218639044,0.7983882062073280)
(0.1918365110251286,0.7272148993149777)
(0.6969087748664019,-0.1059289238094589)
(0.3046617141254879,-0.7114642798822567)
(-0.5185804951903765,-0.2132505081088532)
(-0.8914871478163475,0.6148295488460278)
(-0.8357236377418014,0.4226348504973224)
(-0.5927999876800894,-0.4894053235355851)
(-0.6548823458945980,-0.5666218685855186)
(-0.7223426183771832,0.3120093563984685)
(-0.6349611526390147,0.6736563718387326)
(-0.7469694391467135,-0.0890322401620016)
(-0.8781146175590570,-0.7088497806648313)
(-0.7071067811865458,-0.2297170862917404)
(-0.0481911542507279,0.6325797782708627)
(0.6280157596579379,1.0970829061874909)
(0.8338012705670784,0.8492155869420995)
(0.7791064803035984,0.2360245210973863)
(0.6078517038878423,-0.4374737062644212)
(0.6938606018536210,-0.8531436550156668)
(0.6955815276149304,-0.8203944432309702)
(0.6586252021874740,-0.7237232339343435)
(0.7554755450782305,-0.8115825862655530)
(0.9677215732348645,-0.6239557149517974)
(0.6108668565023537,-0.0009912982013006)
(-0.2847068111634631,0.7229440641357906)
(-0.7084665395880061,0.8764623525281698)
(-0.0635015942389875,0.7275761482510610)
(0.6680821863069715,0.6586825351516793)
(0.3370009687876401,0.7024652306601713)
(-0.5903689257832598,0.8446245213078298)
(-0.4537075194243878,0.8572286292575613)
(0.3836253826240930,0.4133301223645727)
(0.6933701049644535,-0.3223068570410644)
(-0.1007252889441431,-0.9052199332946530)
(-0.8277554899571403,-1.1075941196648500)
(-0.8404736118179377,-0.5983622504003577)
(-0.7122113555378432,0.1236816221861394)
(-0.7941522627910038,0.7071067811865507)
(-0.7324962628146217,1.0734974164466737)
(-0.1374689733413845,0.8169762910910750)
(0.5855406969197328,0.1859105866472130)
(0.8209901124367316,-0.5052597329540787)
(0.7148177247867178,-0.7995632822480372)
(0.7908118512195392,-0.7132884197387897)
(0.8310598714774079,-0.6576196305200163)
(0.5120341813481063,-0.6627269747546875)
(-0.1317185737460440,-0.7248473348709683)
(-0.8342387464276601,-0.7433326957348259)
(-1.0117428151745922,-0.6988088179541191)
(-0.6830631906252016,-0.6447870036714124)
(-0.0496493167458872,-0.7018115503521780)
(0.6268216812617312,-0.8423122971261450)
(1.0562783703981411,-0.7751439421763537)
(0.8934940939604602,-0.2779600807811768)
(0.1160225754692077,0.4530716867001114)
(-0.6148697821880798,0.8310598714774085)
(-0.5385555720752132,0.7465654588540422)
(0.1660619821700812,0.6337476363889513)
(0.9175544439114231,0.5997614540881510)
(1.0730678990218552,0.7614246198232547)
(0.5874898127459733,0.8974248435762493)
(-0.1620029992388107,0.6439233487217181)
(-0.7071067811865485,-0.2297170862917472)
(-0.8753493297718020,-0.7053665964869055)
(-0.7413656389617509,-0.1753610472819419)
(-0.5781012616071255,0.6157970034446946)
(-0.6847457019054176,0.3703520565426003)
(-0.7384269216649099,-0.5030670515982336)
(-0.7345174785029343,-0.4894053235355798)
(-0.6760480061107234,0.4226348504973299)
(-0.6472561073138065,0.7037232884142533)
(-0.7518294447613085,0.0251067953247396)
(-0.8610386715668071,-0.8076473718287081)
(-0.6490618132049073,-0.8490577307377738)
(-0.0284248295749484,-0.7096590683621956)
(0.6799206484900039,-0.8662259685774481)
(1.0327826171495387,-0.7674311355718404)
(0.8209673290632222,-0.1718362166767327)
(0.1675006850268193,0.5603829019039053)
(-0.4603554005991818,0.8211976571759888)
(-0.9881197590791330,0.7178577346793561)
(-0.9310346280191540,0.6617780168370701)
(-0.4498048865716760,0.6871323754100932)
(0.2459691119916470,0.7791064803035999)
(0.8274307821569842,0.8989570249607320)
(1.0755466346575626,0.6190963566528156)
(0.6388648625412613,-0.0659691988834440)
(-0.3103749109980285,-0.7071067811865497)
(-0.7151348649352372,-0.8958926621917658)
(-0.0674959686320644,-0.7433186736110172)
(0.6321056599262729,-0.5923346088852535)
(0.4939172696725218,-0.6463741325901479)
(-0.3682562518460855,-0.8372330446808534)
(-0.9504374561296367,-0.8673522530467774)
(-0.8000293853164776,-0.3305489710759735)
(-0.7117777148940804,0.5200928672946413)
(-0.9051572976438153,0.6104672944200993)
(-0.5578561604692922,-0.1771614480732530)
(0.3386936039928304,-0.6836920242588007)
(0.6909757935123130,-0.0195710895178516)
(0.0398388378316272,0.6914640521746335)
(-0.6681414445694606,0.3555854742868862)
(-0.3893118747086338,-0.5467069067129012)
(0.4961983909795804,-1.1463404901597529)
(0.9135454430466037,-0.9676607067316589)
(0.8425403176717490,-0.1831067498931099)
(0.6004093125132938,0.5669814199536184)
(0.5974435940395569,0.5180588039381830)
(0.7746677350834212,-0.3000054259700116)
(0.9618764420793602,-0.6632068193049553)
(0.5933100847977045,0.0835016645874919)
(-0.2996028103052141,0.7161113822598714)
(-0.7071067811865462,0.3299253043080198)
(-0.0974557202959691,-0.6429468313970906)
(0.6462335960253126,-0.9652708410286039)
(0.4902966654476669,-0.7669007681267941)
(-0.4596694163797322,-0.6358294834389842)
(-0.9110939832857830,-0.6912784183495494)
(-0.8550059105616332,-0.6833404464628674)
(-0.6079008667841467,-0.6380417539936838)
(-0.5924374841143294,-0.8004322227282859)
(-0.7666497415844976,-0.9670240747326137)
(-0.9608083537667275,-0.5467069067128939)
(-0.6217592588949142,0.3555854742868941)
(0.2646599482984813,0.7010531622736117)
(0.7062366888367267,0.2032505192818020)
(0.1364083837889546,-0.6202944829079703)
(-0.6680821863069717,-0.9456888321499538)
(-0.3370009687876402,-0.7742115489721043)
(0.5314064311352587,-0.6251978120835496)
(0.5940696066430223,-0.6692313261807756)
(-0.1692609051203445,-0.8473965857284305)
(-1.0040610911606644,-0.9405466098733900)
(-1.0389660550616246,-0.5480700474895217)
(-0.5494661333108074,0.1124589688918017)
(0.2022615089314113,0.8107653880287045)
(0.7352981629071054,1.1185830846209677)
(0.7941522627910029,0.7071067811865442)
(0.7094094554453622,-0.2116683590612066)
(0.7756810762279195,-0.7142435456788092)
(0.8173059374233584,-0.4048480376891468)
(0.1713980689873232,0.4313363027695188)
(-0.5781131049693076,0.8892520636185740)
(-0.5799044486972038,0.7746571240625648)
(0.1952851691743731,0.6010841868541981)
(0.9327373034220239,0.5703791888840726)
(1.0394747138570570,0.7212012345540462)
(0.5732982813118470,0.7212999546499157)
(-0.1929003898500744,0.7370037746566720)
(-0.7180599299116235,0.9579186444098233)
(-0.8750797086345423,0.7303574414501808)
(-0.7328009245179498,-0.1269687257844046)
(-0.5758235807558145,-0.7139055731938403)
(-0.6876449338369827,-0.4058579884604216)
(-0.7396038931844217,0.4304241556789538)
(-0.7325834497765409,0.9253403239080518)
(-0.6731487741791584,0.8368011754537567)
(-0.6487381402943732,0.7421406574339340)
(-0.7586691320899778,0.8813921521150714)
(-0.9476430948012322,0.6043959497309475)
(-0.5913570501484378,-0.0536172799336188)
(0.3201461427251778,-0.7324962628146248)
(0.7071067811865459,-0.7941522627910027)
(0.0974557202959689,-0.7059262712674363)
(-0.6462335960253129,-0.8620098833478673)
(-0.4902966654476673,-0.8306850419310363)
(0.4052992440710184,-0.1130553688431851)
(1.0611946525565430,0.6416679219565961)
(0.9878406851054769,0.4492809435306951)
(0.3723586996446087,-0.4144482118640920)
(-0.3461513174324577,-0.6568543660643516)
(-0.8019138372775087,0.0725589995460300)
(-0.8557134401702949,0.8100886651402910)
(-0.6817934622778260,0.8700975327127198)
(-0.5653302134569429,0.7065165262269919)
(-0.6969274161280123,0.7881518222566055)
(-0.9531507589451216,0.7451910036286602)
(-0.8258013758163026,0.1718362166767326)
(-0.0500679531896706,-0.5603829019039053)
(0.6031232615397881,-0.9810369084988753)
(0.5642574239056253,-0.9106500534869524)
(-0.2135072974858397,-0.4019593650224843)
(-0.9857058758267118,0.2839126219253446)
(-1.1093126856342195,0.8064204096762920)
(-0.4890019207430212,0.8293649000650047)
(0.3774962236053643,0.6859258578490660)
(0.6905398418581175,0.6484800094716533)
(0.1490592615854610,0.7071067811865487)
(-0.6502084329921298,0.9604399411346021)
(-0.9597402654540941,0.8020624568903518)
(-0.7328700567742099,0.1979075966503164)
(-0.7347345367708082,-0.5220329887910259)
(-0.7893787874337943,-0.8831078580183496)
(-0.4414246037663109,-0.8143490339123202)
(0.3654594391304030,-0.7373912561835643)
(0.8020579783694909,-0.8325667520496569)
(0.8369164282054294,-0.4961983909795742)
(0.6830719203262793,0.3893118747086399)
(0.6712133155796564,0.6969087748664014)
(0.7065706441936844,0.1918365110251233)
(0.7449075145244201,-0.6729858218639090)
(0.7149259966135674,-1.0779041711129291)
(0.6535605218708238,-0.8230894926712578)
(0.6714233845846200,-0.1935853508348369)
(0.8111971312039048,0.4827636998863136)
(0.8308784278234063,0.8094343273732471)
(0.4463776741806829,0.7380793190565189)
(-0.3441487767082718,0.6277236013622602)
(-0.8008206991914132,0.5774867832948467)
(-0.7806788302245047,0.7802798726344741)
(-0.7136651643534437,0.9812765369840227)
(-0.8204021942563615,0.6439233487217182)
(-0.7071067811865457,-0.2297170862917474)
(-0.1620029992388054,-0.7053665964869057)
(0.5874898127459785,-0.1753610472819420)
(1.0730678990218561,0.6157970034446945)
(0.8631842716027061,0.5399298899176119)
(0.3161626514408346,-0.3230566501927478)
(-0.3736382125148225,-1.0368145689306494)
(-0.9408352957186177,-1.0191924280061968)
(-0.9589786132686168,-0.3470010379681785)
(-0.5329871561452714,0.5296084491392126)
(0.1549254888726830,0.6334565930465850)
(0.7672687816717664,-0.1153685818140157)
(1.0826192440236613,-0.6997901208729487)
(0.7345741586626784,-0.1199124858196550)
(-0.1160753604918919,0.6534890418969622)
(-0.6901101039863044,0.2989638713580765)
(-0.3700758771796388,-0.5696187930691964)
(0.4528324549660868,-0.5856006908507032)
(0.8870169794208004,0.2751186733236632)
(0.7823257114220141,1.0123139452888257)
(0.7087936897600268,1.0113666076218990)
(0.8813921521150714,0.4936998751808088)
(0.5468612891370630,-0.1776147232854538)
(-0.3750191098931888,-0.8018459850235846)
(-0.6748448058380817,-1.1008050399882590)
(0.0806578247062814,-0.7071067811865460)
(0.6959566447372760,0.2294464036939138)
(0.1513476620398414,0.7231629486839275)
(-0.6132504071150529,0.3396922832954943)
(-0.5161919404658285,-0.4857064750782309)
(0.2986773998321016,-0.8892520636185741)
(1.0725748214986210,-0.7746571240625652)
(0.9975668839020356,-0.7110410547494084)
(0.4655867907226117,-0.7991393619457322)
(-0.2068764157592715,-0.5149343948734493)
(-0.8255307859828444,0.3266944552104035)
(-1.0158907468554745,0.6587138181638487)
(-0.6794323898276824,-0.1212951297132879)
(0.0470890485463082,-0.6941183356475190)
(0.6557513654587491,-0.3176538020178782)
(0.7932992387877154,0.5602974537808810)
(0.7020515947918816,1.0977647779953836)
(0.8070953586366922,0.9258751212473566)
(0.8006931855917444,0.2756983678015894)
(0.4746988266883498,-0.4285015750227249)
(-0.3118987471927767,-0.8287497901343935)
(-0.8224190126697351,-0.8396859180357559)
(-0.7581496195846126,-0.7140148039629912)
(-0.7262353328942571,-0.8055654608817920)
(-0.9026569533133886,-0.6738463546926466)
(-0.7071067811865450,-0.1002082180162764)
(0.1294136000041798,0.6472982969662644)
(0.7016733771379967,1.0835543239442467)
(0.2390330269897870,0.8748405980172425)
(-0.5813441241506046,0.0887213585156791)
(-0.5358603550684625,-0.6114600726432145)
(0.3135535179803405,-0.4278717749895818)
(0.8883738464225295,0.4238953366869969)
(0.8994431445073058,0.6620857561877865)
(0.6378670838675555,-0.0500679531896778)
(0.5758235807558146,-0.8737469263112114)
(0.7328009245179510,-1.1887426329319051)
(0.8750797086345423,-0.6776907977387197)
(0.7212024720468246,0.0484716924399355)
(0.1718605878751244,0.6505265891918608)
(-0.5970937505193865,1.0713978920149145)
(-0.8959404097107040,0.9083143907836500)
(-0.7879171187057787,0.2210432035926179)
(-0.6118968287876887,-0.4902246027070583)
(-0.6159419536875352,-0.7983742238897986)
(-0.7967277571079605,-0.7257023436431065)
(-0.9743396029515630,-0.6679724460684690)
(-0.5175564837920668,-0.6552540260038817)
(0.2856368409109054,-0.7175324017559082)
(0.7012846276310834,-0.7445138098270214)
(0.2492674796017418,-0.7071067811865474)
(-0.6344051610387084,-0.6484800094716527)
(-1.1458697458220919,-0.6859258578490665)
(-0.8907662988545622,-0.6410206787257534)
(-0.0541166078233273,-0.6519738430750260)
(0.6358393230038577,-0.7061768921494146)
(0.5227350275881194,-0.7061963259952673)
(-0.2606894019406684,-0.8161901162375950)
(-0.8787669671634339,-0.9349366761421565)
(-0.8236084567798091,-0.5001140980502606)
(-0.7017142130771858,0.3418139768271766)
(-0.8688735172974313,0.6889459244477419)
(-0.6803991991782986,0.1304270820084517)
(0.1103802191434751,-0.6781693484270228)
(0.6874811484607922,-0.9417803068473978)
(0.3266944552103984,-0.7544938103251696)
(-0.5149343948734542,-0.6218009949963204)
(-0.8801180529426794,-0.6766150798504180)
(-0.7480429769110182,-0.8681649125411274)
(-0.7539452963881036,-0.9290282875885221)
(-0.7995632822480373,-0.5010285232517052)
(-0.5596299052627878,0.1776818209532523)
(0.2062034600120853,0.8625946914497805)
(0.7578857444427001,1.1130886021429089)
(0.7821513817222062,0.6527345157934531)
(0.7071067811865481,-0.0611074313962833)
(0.8781851820775753,-0.6535833812366708)
(0.7894922883495391,-1.0620180524143188)
(0.0320925859509559,-0.8719110460433417)
(-0.6176706378633986,-0.2459691119916412)
(-0.5297161494682376,0.4498048865716816)
(0.2738616081305865,0.9310346280191557)
(0.9719805128835845,0.9403492897689748)
(1.0947759274650406,0.3886385701946448)
(0.4503362480808324,-0.4544337006247944)
(-0.4942035701894165,-0.6632481395538891)
(-0.6534890418969591,-0.0161302639654212)
(0.1199124858196619,0.7350624173250000)
(0.6997901208729498,1.1012834629950159)
(0.1984218080464089,0.7833859603312107)
(-0.6177438823705719,-0.1300863838226589)
(-0.5520994954955608,-0.7280757556307772)
(0.3417696478447510,-0.2792749249748019)
(1.0873279552308484,0.5603432120451892)
(0.9837671601821718,0.6595612352235960)
(0.4374737062644136,-0.0929255162480577)
(-0.2360245210973930,-0.9595901056033683)
(-0.8492155869421050,-1.1727498740585034)
(-1.0132312127797172,-0.5894428473952389)
(-0.6517579984688174,0.1414596668188483)
(0.0000000000000039,0.7071067811865507)
(0.6580430827392305,1.0912754610793827)
(0.9916949412497894,0.8258956940961932)
(0.8719110460433408,-0.0675893890856935)
(0.0763912786166280,-0.7140764718640555)
(-0.6298152879771676,-0.3064790142754501)
(-0.5142488877905935,0.5597846308393623)
(0.2823149460448327,0.6332981577787834)
(0.8490749539772302,-0.1314934429100979)
(0.9079831867261492,-0.9343425953113734)
(0.6537686625822802,-1.1780807936829707)
